419
97
798
941
599
433
123
144
978
730
198
211
472
591
541
220
67
587
591
35
430
710
370
102
158
731
430
203
145
603
227
613
54
218
148
285
212
803
351
292
503
739
940
163
133
239
667
136
46
435
811
509
586
553
245
958
148
530
23
343
460
691
636
688
595
438
648
742
687
340
410
327
38
525
706
737
192
588
522
775
893
489
696
777
397
228
929
607
438
731
682
387
720
936
672
344
69
754
279
370
764
886
656
963
164
739
571
23
797
735
564
141
339
792
274
11
420
955
434
101
641
707
138
489
105
286
394
538
560
906
805
822
854
439
548
38
164
9
756
635
690
829
270
127
700
565
860
543
363
266
508
531
191
333
413
958
602
442
413
737
952
145
453
815
611
474
492
596
338
20
824
447
873
891
196
569
501
708
451
832
542
222
347
845
958
102
276
951
352
918
551
937
946
940
588
407
485
739
747
600
211
752
52
360
552
451
922
557
968
760
723
156
56
353
347
792
505
898
445
758
816
360
707
199
449
103
677
971
345
574
661
798
402
425
715
154
521
819
125
73
19
350
422
21
62
753
439
279
29
20
68
512
659
387
645
414
649
557
492
559
842
752
566
211
395
714
474
81
768
790
359
337
58
690
131
121
117
425
949
974
61
2
292
465
360
987
697
3
294
179
14
14
134
435
218
10
619
376
45
537
475
761
902
664
655
207
876
474
246
357
608
98
381
21
74
813
577
797
323
841
357
516
919
966
831
661
917
432
12
975
783
710
924
342
836
506
952
986
837
237
944
577
221
270
401
44
121
151
948
275
886
469
553
102
10
842
586
345
395
672
964
890
852
787
224
378
382
348
513
174
131
758
629
690
838
663
462
161
966
589
243
251
512
770
7
178
52
949
443
643
32
166
495
614
9
718
827
522
49
913
492
665
570
649
867
970
752
576
303
585
340
914
946
991
172
932
417
23
784
821
469
767
24
23
695
87
674
474
265
449
967
862
911
388
909
866
291
143
535
542
872
847
216
585
663
125
374
104
965
735
579
548
806
337
344
558
10
264
690
754
573
43
294
517
349
886
312
989
868
460
487
500
54
832
797
191
476
736
786
753
718
975
448
455
48
374
58
96
995
726
413
251
452
572
144
605
930
81
416
861
985
997
300
94
747
424
992
857
142
124
293
20
833
706
340
226
104
456
219
392
47
924
673
466
298
312
3
960
787
738
201
544
285
734
130
745
869
690
76
929
289
222
857
404
961
702
971
369
569
5
279
42
720
303
887
969
27
796
962
138
163
884
54
865
341
539
958
784
576
387
78
860
801
192
595
813
42
940
464
728
337
784
370
275
20
931
229
109
419
578
432
631
406
636
572
635
357
953
690
535
590
479
226
126
449
520
527
412
248
883
63
147
722
821
57
839
519
596
55
794
901
448
635
940
432
566
566
115
825
395
35
939
109
849
947
635
414
689
425
532
127
229
5
958
881
904
766
512
555
301
448
492
262
449
966
829
782
822
385
549
44
468
414
824
808
862
989
415
164
111
341
217
844
143
574
437
818
846
119
308
158
691
797
606
746
289
197
84
315
567
624
542
59
874
509
536
540
634
797
309
407
126
936
112
211
188
149
899
369
25
510
407
507
169
649
294
725
972
387
0
35
694
504
152
458
992
694
650
260
984
247
787
107
714
836
997
574
505
550
22
609
887
480
188
358
356
673
487
810
462
686
170
91
798
156
944
717
315
35
895
404
805
102
868
275
872
390
835
443
754
22
136
775
531
634
719
364
16
121
4
838
572
305
608
886
428
241
937
448
789
993
413
312
573
422
699
772
810
451
582
317
762
809
342
591
257
750
973
352
897
172
339
237
825
920
174
440
652
755
33
206
364
53
880
877
51
933
773
346
710
69
578
960
479
722
244
421
389
98
681
502
930
6
62
139
656
599
319
565
785
757
467
964
315
874
58
941
308
508
327
865
591
298
516
825
922
62
447
108
219
232
271
891
695
644
962
948
127
154
503
458
88
531
202
494
197
139
418
743
571
570
619
84
961
308
752
858
554
8
377
530
120
758
740
113
598
105
507
171
82
373
978
234
253
482
652
120
288
982
281
340
694
240
382
536
8
488
913
337
993
477
335
777
182
55
11
983
193
619
333
893
763
380
429
641
115
294
331
621
816
397
637
978
750
5
516
25
681
579
131
914
987
504
644
813
675
190
993
174
805
51
708
678
879
467
684
420
31
698
252
266
159
422
834
12
306
298
361
299
254
896
163
984
550
926
790
412
322
393
81
