1000
42.22831051025164
92.61264575824704
-19.563143118029892
16.340651561921817
-72.06408285517514
64.63426363802074
5.470825882949986
19.064457186570714
3.7694937402580098
5.069322587155584
37.686895209414075
39.76624506230287
10.280737381205608
8.94611643712529
52.99128140706873
37.839888138370014
36.984245968027814
32.18346236611544
-6.949077029824181
17.066289758050107
-11.13511144657917
7.743733897221771
9.815668374169805
40.17437907826839
-10.254655849947532
-9.420451228560347
0.38158708477705194
46.94906782119429
7.012893820308258
2.8381847600629317
-27.654792169351104
33.742810224957005
-4.869098783261504
-11.981050507141827
12.88457661443915
61.37249669550248
62.38371567987798
1.679835703933592
-7.474254934211214
17.853901942594565
61.805459431281534
37.200586873685126
34.86318410490198
-24.91233131939161
26.52450075246005
1.1279452102473009
10.155352020843576
2.415198596038357
11.934826902829725
12.069743351382488
8.183916139429385
60.24688687225492
-30.397329472129844
2.0638488540314945
9.90948165485907
85.49075476999201
11.957348681523827
60.13069707589429
14.511093771568273
-10.258196899425913
5.17561959699496
23.76188378167777
5.203559163616935
5.875930545599201
11.37144825913513
-11.851210849652333
49.22778022714927
-15.835053474522152
-2.8898226888165612
20.194491245298988
-22.992743696364364
42.72471764889968
8.20183576203744
15.141791631804832
0.27039032638360716
2.2975586575499585
11.640684415083431
2.392505039068764
6.433600807273409
23.84729558639801
6.9314469332597906
47.67011350925685
0.42308681904598355
6.245726281827848
29.235626997643656
5.317557491309225
22.854458413212406
9.777040714506068
-1.7985004181063746
-4.082346405415018
39.47735638151724
60.89089156741477
70.60525075483463
-32.343287297036596
63.12446506610846
18.66529492456637
16.123693106871425
11.398876377463916
6.057531901276656
7.723593044796876
2.303642389827285
27.759226944923565
4.539631748098905
76.68447844453351
1.1291149275035695
89.23233912298599
60.61479316384231
-11.809765134046724
-6.54644315707907
30.9885582334633
-12.100121763022445
4.005924129778817
10.907235369963482
-55.602010828948224
43.816115634710656
-46.90091586159617
-5.969692015880299
-47.80805367077932
-98.13440618777463
1.4966581372790078
20.658865933764716
-13.843272972779932
17.41702833320547
-53.38038507528114
53.37619931472277
63.99888380110518
26.35507747084676
-5.600991881215598
31.554747460921952
-23.391673829639018
77.98051698940115
-22.20344136141375
50.86895684582465
73.35684362246857
40.28333754465835
40.91188158989237
28.542235652924983
40.38337519930173
-8.631996237336184
10.372620852229016
-9.713007245481096
-5.054423085754889
1.0787668436552345
-7.7407716063515375
5.030299859825456
8.970028496369833
0.2859683790617451
-45.20047555554623
17.60210555492422
-12.250485858200118
20.773034137885187
29.49266559950534
15.065081744754071
-28.563735715232887
47.58895570422774
25.282019391662924
3.18490205424673
19.161108590987332
3.8024578011794032
-2.790365646217734
26.8835813504148
6.691740292223889
-16.239961250789904
-3.0559762163017257
8.94245538982658
0.2420141506270701
19.847883534126222
18.746319900886714
78.39897432927327
16.414508083530805
57.29328298383613
50.33780822301076
-87.47358443807597
-2.7655388118105306
96.03519853051864
-1.8863413147208918
5.1035678062861685
-30.980356643868916
56.58256633960007
3.7631378961159214
9.676994622188024
46.43096624319803
-27.94770813697547
63.47800476926682
-26.308571609062028
4.436237370662247
-15.643294691083538
-12.376508558863515
0.5434709736268295
-19.55012950869793
-29.054686593696353
65.75324555852917
31.43000969160361
8.824645490480027
51.6968880442841
-35.97451551459039
-5.707712951558169
-10.349499481522134
30.550671470499683
-19.385778083437945
15.795694144249953
-51.022371105977804
-5.5673257892684855
6.104470611758163
4.452438771396077
-33.2321894733433
4.994118672767094
42.04647550328589
-14.398693678189948
3.666340415392013
6.5703196223914855
8.115441720542513
-25.30357424025217
24.34357902978146
66.89815549984102
21.768430089144097
33.711701367411344
-3.113972407765413
3.6376528810897946
33.338480967663024
64.97377776867114
11.621730540397998
48.46275481616413
1.5157298479934622
4.834984967811406
-11.2636976971063
67.0887475424181
3.7507107428451847
32.184944242044594
26.4921441862543
49.681988522070135
2.6331849949791017
0.9939221989825286
77.57276301571379
23.684746180947506
29.127206882493937
39.30761953574341
4.352810753741606
31.549538401920316
3.132063633972373
2.125665280356137
-86.22766228173047
5.250637961998712
34.13137360909229
-13.214022094810423
5.396334846727889
19.814212623347863
-73.20926442108663
37.61483951876252
-34.76926598799241
56.190728863818755
-10.283941968258642
-42.254796812994684
-55.146438618499154
43.66142952660703
-1.754636696996691
3.7263077889090956
-10.365595098152962
28.995594071931173
4.843673081248613
15.754290994507667
58.43492077333616
45.19324594427551
-34.09734961066738
17.477033060282142
-4.177445057586859
8.208224826629118
-6.958190779799242
56.051825174409586
13.440712683485497
16.512793177671487
3.925965762581769
29.049987317537934
-38.035080185154605
61.260327950573426
48.68576740241746
-4.32495012949794
-0.7201812779621486
15.931118130287283
-66.3364520261432
54.0025725040281
33.18338437928249
1.0225646390527576
-45.20655249933672
-14.779976636082521
18.1111668250295
-20.853273770418603
-78.8367522935007
43.922604795525054
15.648112260950345
5.110927198207627
0.5474551590104015
13.603787651782113
65.26307425237007
71.23540678342295
-8.459078382916605
-0.041349505201045966
3.9332155067642405
-15.439904560503008
-23.976714564735904
1.705663278684788
9.77085096750515
-58.77926924978954
-74.77221861950382
-27.262007735612297
34.6182342161992
-5.452973512994317
6.670981367701801
17.233446712242802
24.019649576417205
57.9268577059613
36.141168147895485
11.077040179889268
-6.406336916131582
41.54473066578808
70.17562665658042
11.47134817150118
32.666812976078646
8.924923786334128
-2.880308472492592
0.6548013603071334
3.9969971316636532
68.43304230421616
48.36917307893693
73.68389159967047
2.6457373948909035
-5.985615861841604
40.38887376999909
-23.826211487164798
-0.3911274937144693
-7.131878301728946
-3.5244108221230164
25.24496364970613
-15.395473270385896
-9.506392070920196
-47.16017964277832
-56.662586208876164
4.507496334186927
94.10712071928617
45.74887405351136
8.450053539061633
61.005527513802036
41.495467249657125
-12.207595522316568
38.92416254285236
-6.338944768590549
11.692708328360856
-6.466368280281975
-34.27247118813303
9.401006203374351
66.56160788846562
-8.3863490833167
-41.90470707820262
43.130502600312255
-18.146223444433524
1.8266033275725868
17.94103024843175
16.80474829204791
-4.364831117967131
-14.625949489193193
18.95911321065042
33.270111969354716
84.81995050710758
-31.79633580583312
20.93851848621201
18.63355022063632
-31.020900549446146
-34.89280923920084
-8.849142900874464
30.401612781504213
33.04213646938543
29.565564284114963
-0.6514332428163083
13.393081292724546
40.49730206718961
-27.71332044119646
19.848583961699717
28.574690793644262
18.607911514614525
-0.2519217028080223
30.209808951919793
-17.330419193440903
39.48372620566648
1.4159664270792294
5.3487254321254785
68.28024662683475
26.569977987641327
-42.71170656275921
41.448306677351766
5.260493211575001
-9.87075629266028
-50.26208027414778
51.556640095426076
31.69389513706198
-7.9301603056816194
76.508925032701
-13.611965122079148
15.902723995777395
61.35740237770514
12.17863329991129
35.25498550507316
7.865067910142088
24.16686106231312
17.27517763174319
54.88008425623586
-54.133012864263705
-4.998355536610932
14.049828289112071
-33.55111164747474
39.17001863139629
2.5294357672109156
-33.03994394671794
5.032054023204279
21.0656428085049
-32.65990734326155
28.78190110942246
11.177899855703918
65.88485922834843
-12.054038488477637
13.916526041219463
-77.46257081245382
-24.21628897057709
55.37383023858342
3.63574066353205
-33.11512094924591
-0.8386025881033499
-27.62451542436292
2.012305837429592
4.761336962605517
-56.18754283824643
10.188201546267432
58.169565126092245
9.520888044569318
-42.66019922887142
-8.921365779000803
23.95837278477628
2.3972487534442766
43.13382450972925
3.5186981102949555
9.861174271668975
-23.645587287402456
8.21508821988892
-28.041868846737465
-19.534376522266438
11.698930201855816
52.9920304472103
30.874445811933352
33.83380331173719
-35.68692377713863
-21.68529260482098
68.66906447764651
29.769833504477496
28.610281760389253
11.662801230580044
-2.1972708177293967
65.90231327917672
12.369138682934883
36.66229401496027
27.68454497048578
2.064185392241338
40.51791953675984
14.639016671452175
55.3589235839128
40.12819648371186
44.481567495814886
5.319260079832631
29.033019214820136
-20.584039838779056
22.052335731552187
-50.29779995129863
-19.443517213445393
-54.28378586407859
-14.006927801354081
49.1436978833451
0.2391355433900455
0.11070635535580742
18.877620227063147
63.49272517635863
33.6620281993647
53.87931730739852
0.09283922686819324
69.1663117554596
21.87999264525768
27.626592057819316
1.7453610646684847
31.284196481090724
16.13376763264932
11.658527297180994
-14.125398879976224
52.809687401186345
92.89824432104395
-17.24788408095891
-4.121991991889913
95.00475114934093
24.20785007510467
50.786203333922884
7.429735318447193
25.69739143739238
80.29957458318611
31.1277494331903
2.9210363918584203
3.6085759846607326
-8.907903752610043
8.24009799777313
4.332096055143109
-19.757305207541567
45.68943534114041
10.435608526225892
32.38322501187646
14.968986921060178
-8.893176158104039
-9.204439310654006
-19.988313834546712
-3.709623055686814
16.383890731514697
63.64124809970327
2.7429922890353065
-18.90761207705425
3.5641630349944533
11.335335687916741
2.8702077717197803
34.38058413155968
12.031471509350116
7.5897532445530205
0.41037131099733726
-5.726868616082744
-71.21702639170809
27.445808927376092
-27.36378574477818
11.767150412314118
-40.02895580194996
-2.1125142814623867
26.841782145564338
11.377197834278245
56.653260486833815
-18.35666747015518
66.98183137220782
8.932613418653839
24.253834795743913
-3.2258575177645463
75.05467892154569
-5.735322327572838
6.320812543929718
12.1565426167492
16.03665312071304
41.22471980655015
-2.179098791950337
2.0109987790332173
23.326007891061828
-8.404660021392996
19.397244611144018
36.95110337164992
24.175357133845132
-4.214947324369341
-28.43782195022225
-0.9773295068444787
7.453960672244636
14.93333055851258
73.11656072890074
-5.0768909075978
49.65951404038133
-51.383163838678456
46.98995327186392
43.29435522737897
60.02735456757669
-4.716499825003895
28.22581865469223
-14.169802530747805
73.2477685727998
5.845781382382487
-2.5953519019838147
83.86449747146685
-26.86778503621285
22.190032669013107
37.09439964299064
-49.96562293918542
79.9560049686597
34.957701659147034
4.356863996094851
28.092261086924985
2.4766450980617716
0.6378509935892096
6.5268698210870415
50.17118515115498
-11.56356034941214
17.361652957985235
58.97893718950598
-47.30307811296178
27.557968294573083
72.20379624345989
-7.700394529225154
-15.862644722898139
12.168698636186514
-15.791608985218097
-6.482710309674062
3.9439508750293397
-10.761586090165238
9.90357855259151
1.0593319791106293
38.68100378995432
9.163304290536484
19.091486763868218
-17.642931575422732
2.0016583856780903
19.841595223434897
-9.29248238263494
97.18839964401268
9.554133593523135
55.06913571477423
23.776855004685267
6.059927302195982
4.002202009451761
1.9906144665480108
4.938306407196058
-2.25997354763088
35.57667356593577
-22.629076198561926
-86.74723270765966
-59.82054258706653
0.8382477405763811
5.352593431510808
38.08019576019532
13.522750972355473
17.818209397342336
1.5827040955023297
-2.9804651410493954
29.260251455886362
-59.83825009217143
29.069095878758375
78.70393430634243
1.2688868131426734
39.09014739736595
13.05368956050193
-7.473324133604118
69.94790785666007
88.11358692936156
-27.57566480488141
-1.5745613639743072
8.061015588503274
-32.6111572352863
4.223563252343232
12.9167226464586
-99.63305530425602
-20.35198265075617
28.59639403859708
-1.8276972636236888
23.72939508763747
53.850049568204625
-87.10145712320242
9.567362216106508
-21.79677852896962
-58.77688332268679
-0.31998271419814817
68.64484183355825
-39.278347900267
11.931705287954431
-17.167072289392706
-38.35063323091322
-39.15801195810534
10.57796517708203
-7.229111928410541
-27.172193614347893
22.261164876172998
-22.158692175779503
26.904553772970765
-17.949434783069833
-8.936944423147828
42.16663702229249
26.213408114153527
62.50099722252181
22.88245746495143
2.1574128191741737
16.284102673530874
-56.41958119813456
60.63466164040929
-90.27725100033209
37.59039769038633
20.69735888901805
-6.708874901615431
-18.530329384085597
-19.543544557731977
-20.21302956662442
-2.6771716729917685
3.0401725394756496
9.215721294807583
-0.7687251842475906
-9.421588850722484
31.67288909290474
7.916759422010571
36.65770469178201
-13.326063243684661
-7.90440544186084
47.184723448776055
-33.34873530110534
2.470775357892685
6.9158429259012895
-5.686796698434198
45.37844998823816
-43.68901019810957
29.583341002725632
-28.64371595195017
-6.47728436797498
1.893487759947341
47.387833228257115
-52.32790522991409
0.6159758345885269
8.840053329232497
-5.564161982644473
-22.132913945418437
8.165109776756246
46.39647740299758
-28.279241497717635
-14.027173252997414
-2.3528496623257444
11.944800916483558
27.466780229916967
0.19453601551931876
92.85021366358171
17.42416344445148
43.908883656670824
52.706119967563396
74.0258371918593
-68.8186945350928
50.643612545549786
-63.38922668272762
-58.15710433569359
3.799767169516921
57.183105942750785
-12.269222861339967
2.9355436514081514
-94.5796343242953
-9.394188240067336
-21.44456233597794
6.8093913927529375
13.739458293039863
-12.356251954638928
-42.64843906986738
-58.553992783837636
2.640150019607821
10.74367401258388
48.767795661394246
13.939338697325681
10.446624093064013
-35.364666179178016
-37.118774075497484
7.614641286951112
10.728205932313294
38.42915030516727
0.47781864910308447
32.44327385286498
12.525633190111707
-2.8529356753656767
2.6606982431925164
8.464657790220624
20.185795031544636
44.85474489758876
31.984158924809808
7.1696745197954215
84.23306000966821
-14.154791045076642
64.99202666118846
34.79852995537804
11.872384899251912
-50.62030854469634
-22.637870879071805
-26.343534889856095
48.78133229104364
7.947166113802745
42.67724594557773
13.975267705285255
16.052019265989927
-47.476494028448634
-0.40335345224637553
99.82967293624108
0.9271490569574881
13.543935878798033
3.247207596291828
-2.632449018080394
27.31289764406741
6.484698134524293
30.472955000853787
-1.0373473960999446
16.31960989888349
54.62391639334457
37.89657156164412
-5.2428744792935245
15.035607782040376
28.551413949935256
79.4020685765044
8.32272995276553
72.8810259691854
3.346223317099505
-22.917809699156
17.011963311234403
37.87818530415957
8.325615859081804
-63.339513142344465
18.483036450648427
25.583878459822525
-31.60623573278926
-28.06411994646468
26.808695838684685
81.87085976317859
48.36565141902167
-45.49494295219845
7.243542020743387
14.646569594849478
26.954860376325325
35.984575287584356
14.064100948085203
0.9185954022677301
-24.951550295588753
-17.175770526356867
46.28634769669667
-64.24714029479587
18.971401766563915
27.457102202605512
-32.019468681794116
19.713690208780587
41.36624320615346
-3.139891728186033
-3.9027416894812648
33.16791608506529
30.00849612765895
-42.703926511263944
7.665004219323962
-21.992021581637374
6.184241168086486
11.160056285151523
-5.6925656279194525
46.83227165296016
4.489010641506924
5.206231744417206
-22.85269879324929
15.33234303341098
44.13409734830328
9.386940034194938
61.316200814914325
29.2088067894621
4.995747589301129
53.91592930471832
-17.68160372323473
-27.60072998730451
50.1682966763186
-6.333345461105271
43.5871340317759
5.451421077458796
4.0176618015780186
23.214552410966938
12.32429031138761
99.62445893422509
-7.172211236682714
-9.385154540095474
47.103793911480864
48.77238927379433
9.832280823428349
-13.398547766023876
-20.201383940610004
37.459858352301154
26.636985087363307
-44.13670048555781
11.13053519446426
88.25893420543949
-23.03318987037736
34.92043173035014
36.0208002622163
40.66097504075522
8.627210489436951
-6.850055734113396
3.0599043941125292
0.7827335138065172
23.550081347375162
-12.343112285872147
94.95201198250028
5.525573082350419
3.710382027613398
-2.286422460458449
57.71314230488221
-59.97617801673758
-76.31697574751611
-42.32986515701181
16.672018322886863
38.7215679342006
-14.633439113274287
17.654233129947563
-2.8251820459659402
5.080774289355179
-13.84684511014855
-4.282642599739255
17.384743196704736
57.78260957193707
-1.2867300781912494
11.25519788806194
9.369740542762184
4.261921553902703
33.70488056126209
19.75490725948726
11.024355511070814
29.23581180617301
68.90864347895503
3.3672956847920865
-53.815214904663605
-55.484732225256565
2.216084410739377
55.29906787883594
9.068485442620272
70.01509206499145
-11.70189362541154
33.68888414149329
0.7669267519650902
0.09246294018234291
8.175600740011536
42.25073305067039
-28.816703194943834
-1.782951583472553
-53.33954016158386
24.31783798731153
-0.47802064124884414
-13.722001282205824
-10.629862972984792
-15.937736765370262
37.52836146310635
-5.611048522389568
5.840261911809242
-60.604869573251094
-9.190252508668097
3.100562489585413
38.25512410909175
5.317411375992387
6.9456520549611795
5.609185315036651
-76.14781088659059
48.21846503003181
15.32179025470833
20.41826947416887
16.626117233639658
-8.530495347232547
33.872426865009984
18.981114519735538
7.68325467592433
2.198730241299698
16.036455471675257
23.689812596185487
-7.498019887720533
12.888845441943438
-36.469201374908444
46.9978553378911
4.311993128437745
68.35425420967134
6.07087397356451
-10.730468296700097
15.144887731397612
-13.510692619919551
27.32981100534125
16.310279558481252
-11.70789356992799
-10.645195664684675
-10.703414109330021
-27.531075034260816
-79.11265489654441
-4.108571777051883
-20.85567396949675
31.152584240402838
-1.4492282502717568
64.74048372675489
40.05540227040122
89.6139991091973
48.690801162160334
-11.226431205411295
1.3000025817809457
7.531156107130819
80.09364928883929
22.267874034736565
52.31252844959799
-15.922591712462353
10.984939362397839
28.112886819280327
-0.3844775652005872
6.842985189690268
52.26786167097156
-27.83367644626436
-36.95027449196072
0.4664515206528719
11.511047266997878
32.752004229014396
14.680669996920575
21.692012444062676
28.493732515367466
21.083054123979558
-8.540358466402015
21.82022637785849
36.63377186309257
-2.9358218524673143
3.382143593668594
28.721379503474896
59.32064567859891
62.10505434965479
31.949266874408238
47.350526557091044
10.29453802845599
